1.2085807e-05
7.1863465e-06
5.6811064e-06
1.8701288e-05
1.8961888e-05
1.3299827e-05
2.3493047e-05
8.3616076e-05
1.7107408e-05
1.0107848e-05
1.7836725e-05
3.4645058e-05
1.8643947e-05
7.745951e-06
2.5177346e-06
1.4397207e-06
0.00023718303
2.2747204e-06
0.000116882155
6.5125164e-07
7.656405e-07
2.0120067e-06
1.4463698e-05
2.6657933e-06
4.9225505e-06
6.95559e-07
1.3106493e-06
5.626114e-07
1.675379e-06
1.1693008e-06
1.7180611e-06
1.49069e-06
5.633953e-07
2.8874518e-07
3.055142e-07
4.2513156e-07
1.2100066e-06
3.2674322e-06
4.2036077e-06
4.827181e-07
7.960904e-06
6.771572e-07
7.952554e-07
1.061536e-06
2.8790103e-07
1.3424939e-07
7.0463443e-07
2.0982452e-07
1.3972428e-06
3.68342e-07
5.8208263e-07
7.4146595e-07
8.957341e-07
7.9969794e-08
4.798838e-07
7.411845e-07
8.3666487e-07
3.206929e-07
1.1033985e-06
5.83589e-07
3.456856e-05
4.092804e-07
2.849326e-06
1.6256009e-06
1.3684182e-06
2.9624698e-07
7.319259e-07
4.4945386e-07
9.006836e-07
1.5970228e-06
1.3712275e-05
1.6317985e-06
2.413677e-05
0.03138999
1.5495743e-06
1.6176265e-05
2.624419e-06
7.1523135e-07
3.0180702e-06
6.294346e-06
1.981679e-06
1.0300511e-06
3.8316452e-07
8.923058e-07
4.6903827e-07
8.5829237e-07
2.680034e-05
8.94165e-08
8.085834e-07
1.3551268e-07
2.1462752e-07
4.3129467e-07
8.254786e-07
3.0153646e-07
3.5865827e-07
1.0945466e-06
1.2286066e-06
5.2026746e-07
8.529294e-06
1.7213198e-06
1.0135508e-06
3.7212843e-07
9.2301576e-07
1.4119345e-06
3.6508087e-07
3.1418017e-07
1.1649511e-06
5.196675e-07
1.725766e-06
9.732565e-07
2.8100458e-06
3.4224993e-06
3.8854803e-05
1.9480794e-06
3.7363855e-06
2.9744706e-07
3.1327332e-07
3.5965496e-07
7.1143063e-07
1.0503118e-06
4.7761578e-06
0.00016454275
3.1710774e-06
1.0530756e-05
1.6698201e-06
3.2160497e-07
1.3544596e-06
5.586192e-07
2.791099e-06
2.4365613e-07
3.3738113e-06
4.212539e-07
5.6295335e-07
3.1693269e-06
5.925039e-07
4.748567e-06
4.1540125e-06
1.2492785e-06
4.6383565e-07
5.057511e-07
1.4852841e-07
3.3791616e-07
2.6755444e-07
9.90139e-07
1.9438407e-06
1.13183205e-05
4.160783e-05
0.034137316
0.24165264
2.917992e-06
9.48671e-06
1.4404471e-06
2.8862828e-06
4.1299742e-07
8.184449e-07
9.236074e-07
2.790877e-07
7.865707e-07
3.0856387e-07
6.317417e-07
4.462891e-06
1.8954121e-06
8.3462464e-07
3.614961e-07
0.00026512283
1.2979075e-06
5.730329e-06
9.592098e-07
2.4211718e-07
1.2699893e-06
1.8951818e-07
1.4536705e-06
2.7057345e-06
3.5654995e-07
8.5518764e-07
2.9518492e-07
2.5742006e-06
2.2598729e-07
4.189193e-06
1.8532504e-06
7.822633e-07
3.5312758e-06
7.630873e-06
2.2699614e-06
1.1059217e-06
1.6337995e-06
2.3833727e-06
8.0875236e-07
4.6380686e-07
2.5504525e-07
8.560321e-07
3.6229054e-07
1.0442533e-06
8.218841e-07
2.1535755e-06
1.4793405e-06
8.562264e-07
4.432377e-06
5.042172e-07
2.669728e-07
3.3364725e-07
2.5427842e-06
3.517071e-07
6.4387615e-07
9.451928e-07
2.0601835e-06
3.888286e-07
2.1429917e-06
9.0072484e-07
7.2410063e-07
9.050533e-07
6.667662e-07
6.7822157e-07
1.2910645e-06
5.9899725e-07
5.3219933e-06
2.6733164e-06
2.510108e-06
1.0857565e-06
2.0373802e-06
9.125041e-07
2.5339037e-07
1.7962172e-07
1.0156718e-06
6.511455e-07
4.2769025e-07
5.2415e-07
3.8373605e-07
6.6634925e-07
5.353235e-07
3.735507e-07
4.24555e-07
7.7636446e-07
0.00011436295
4.436031e-06
6.835325e-05
4.5303426e-07
1.7006446e-06
2.8647984e-05
4.1082703e-07
4.993115e-07
1.2905954e-06
2.4330427e-06
4.8793805e-07
1.3281011e-06
1.5907466e-06
9.5117355e-07
5.499474e-06
0.0019081945
2.9529688e-06
3.1269698e-05
2.2469103e-05
3.1407217e-06
0.0023904808
2.2347274e-05
4.848908e-07
1.2603634e-06
6.4709475e-06
3.2015416e-07
5.9157003e-07
5.5169056e-07
3.425149e-07
3.826602e-07
9.577254e-07
6.2709086e-07
7.030289e-07
2.618133e-07
1.729813e-06
3.1252134e-07
8.125382e-07
1.2793063e-05
2.0418365e-06
2.5608108e-07
2.7464267e-07
3.5685e-07
4.4875702e-07
1.033153e-06
3.3101717e-06
2.9191167e-06
3.1048672e-05
4.4904577e-06
6.835142e-05
2.994481e-06
1.3752152e-05
1.2173031e-06
6.6795e-05
6.1387054e-06
1.4026446e-06
5.9498063e-07
1.9901938e-06
6.7858164e-06
1.4342719e-06
9.139934e-07
5.2662044e-06
0.00025130043
2.9778637e-06
6.8700756e-06
0.0039701597
1.332126e-06
7.6086226e-06
0.008283024
2.5492234e-06
3.3832697e-07
6.4684514e-07
3.4371382e-07
1.1348476e-05
1.1946076e-06
2.506195e-06
6.736673e-07
1.2941438e-06
9.2759916e-07
8.784811e-07
1.7723162e-06
1.05395575e-05
4.5708714e-07
2.3086355e-07
1.0850888e-06
3.6882219e-07
4.4722236e-07
7.8978104e-07
6.036579e-05
1.4596259e-06
1.8535802e-05
5.5393383e-07
7.515419e-08
5.861072e-07
7.4975196e-07
4.760131e-07
2.5210718e-06
2.3106697e-06
0.0019206678
1.3928365e-06
2.1738315e-05
7.677112e-07
1.0927641e-06
6.931094e-06
0.00026081002
0.00050438807
0.0011518085
3.3438727e-07
3.9094613e-07
0.0022214227
0.076766536
7.420679e-05
3.1350555e-05
3.1362964e-07
1.601342e-06
1.0667665e-06
8.0114415e-07
3.997781e-07
1.926719e-06
3.407255e-06
3.2578146e-06
1.8431508e-06
1.3084375e-06
3.5119915e-06
4.3410859e-07
1.1766514e-06
7.7244806e-07
1.0095656e-06
2.93563e-06
6.4226197e-07
6.8900584e-07
5.520279e-07
9.770937e-07
0.004874264
0.006204622
0.0036933117
0.017341362
0.049081594
0.00017374888
7.343857e-05
7.477733e-07
9.3300486e-07
2.9527506e-05
6.749322e-07
7.211346e-07
5.8186706e-06
2.359133e-06
5.8461336e-07
5.470283e-07
3.6197628e-07
5.6789613e-06
8.662095e-05
0.0006490082
3.921925e-06
5.0574437e-07
1.0524385e-06
7.639273e-07
4.7495698e-07
3.8737085e-06
6.661917e-07
9.443399e-08
3.364139e-07
8.418075e-08
3.751179e-07
2.8404173e-07
9.819675e-08
2.029984e-07
2.9412638e-07
1.0538436e-06
4.2337824e-06
6.058297e-07
1.1839658e-06
7.56354e-07
1.2006291e-06
1.4548701e-06
0.01741945
1.4337652e-05
6.543318e-06
2.7747968e-05
3.926363e-06
2.0423984e-05
1.9527733e-05
8.421435e-07
1.6077963e-06
5.429261e-05
1.1422064e-06
0.039358884
0.02544864
1.0817793e-06
0.037204783
2.2172806e-06
2.393728e-06
5.908343e-07
5.1428657e-07
3.4680332e-07
1.034711e-06
2.0442096e-06
5.9106696e-07
8.8382734e-07
8.6435443e-07
2.1750282e-07
3.9953756e-07
2.841512e-07
1.0261889e-06
4.140543e-07
1.9111427e-05
2.7146888e-07
0.00075202703
3.0868833e-07
6.8671574e-07
1.007836e-06
1.7556281e-06
1.8453697e-05
4.3964016e-07
4.3173253e-07
0.0017512437
1.2862481e-06
1.8626608e-06
8.6509e-07
5.18797e-07
1.6131798e-06
1.1515963e-06
1.1338664e-05
5.5719943e-06
6.0446237e-06
3.068548e-05
1.429014e-06
1.7194217e-06
3.0931737e-06
1.1872566e-05
9.785092e-07
1.0037417e-05
9.889692e-06
6.715799e-07
5.2216456e-06
1.5555628e-05
6.934032e-07
2.2243469e-07
8.0560625e-07
1.1743388e-06
1.6119801e-06
1.4169601e-05
1.1951959e-06
1.6815081e-06
2.562698e-06
4.546593e-06
5.205407e-06
5.926209e-05
2.5463794e-05
0.00017555119
6.351373e-05
8.064495e-05
2.9171908e-06
9.627075e-05
3.1437273e-06
4.2187567e-06
8.022879e-07
1.6380477e-06
1.0478817e-06
1.4469781e-07
3.7315494e-06
1.2289529e-07
2.6150013e-07
8.337623e-07
1.4956457e-06
1.30248345e-05
2.628482e-06
4.774732e-06
2.3011958e-06
6.8794344e-07
8.253992e-07
6.154747e-07
1.8943279e-06
3.5283185e-05
1.0166981e-06
5.3149256e-07
3.726057e-07
2.090017e-07
2.4817155e-07
6.999909e-07
6.4181506e-07
2.8201794e-07
5.5419275e-07
2.1400108e-07
1.496939e-07
1.4830677e-07
9.840436e-07
1.5907724e-06
8.383109e-07
5.04731e-07
8.132304e-07
9.726506e-07
3.1728562e-06
4.5570805e-06
4.3278666e-05
2.5751876e-06
3.8688613e-06
1.1825517e-06
1.2604704e-06
2.550354e-06
5.9583604e-06
1.0582766e-05
5.6226145e-06
1.4577083e-05
1.7013e-06
1.6954109e-06
2.397197e-07
5.654165e-07
2.1335836e-07
7.1203203e-07
4.4597488e-07
2.8737185e-07
2.73579e-07
1.5853769e-07
3.1082297e-07
8.2887857e-07
7.247317e-08
1.0832473e-06
8.4262234e-07
8.333251e-07
2.0419454e-06
2.8312104e-06
1.5325396e-06
9.69408e-06
5.649726e-06
9.968385e-07
1.9140712e-06
2.800714e-06
7.311083e-07
5.598683e-07
1.1567284e-05
6.776504e-06
3.9364016e-07
3.6841843e-06
1.894458e-06
4.2052739e-07
2.1542564e-05
1.1344629e-06
5.5995e-07
8.9097676e-07
5.3919285e-07
3.9280724e-07
5.2250625e-06
2.31972e-06
1.0190253e-05
2.0819463e-05
1.2777835e-05
2.3904806e-05
0.0023762826
5.218261e-06
1.0721608e-06
1.5349545e-06
2.537313e-07
7.118331e-07
1.6778142e-06
2.6048078e-06
1.8713906e-06
2.6125251e-06
5.668526e-07
2.2584511e-07
1.393096e-07
2.1358576e-07
1.2993335e-07
1.6268689e-07
4.4353138e-07
2.3884215e-06
4.337305e-06
1.3492138e-06
9.929446e-07
0.0017568526
0.10900441
0.010390078
0.00036401185
1.9284958e-05
5.3334456e-06
9.102265e-08
4.4610803e-07
4.1198763e-07
7.0231926e-07
8.871334e-07
2.8354311e-06
1.8014471e-06
4.797108e-07
9.466511e-05
3.7703476e-06
0.0014643399
6.992603e-07
2.705849e-07
9.357011e-07
0.0005242288
8.210599e-07
4.329088e-07
0.0010459309
1.3005675e-06
0.00039728582
5.091991e-06
4.3042195e-07
1.7938559e-06
0.00011841871
2.6064814e-07
1.4325508e-06
0.00037354202
8.082211e-07
6.751073e-07
1.1255314e-06
2.0737177e-06
3.4868998e-07
4.1810986e-06
3.3917274e-07
4.3503482e-07
1.6287916e-06
1.4312023e-05
1.942008e-06
2.7704668e-06
5.3262556e-07
8.1210595e-07
1.7166068e-06
3.7544967e-07
2.499744e-07
4.2576735e-07
1.143702e-06
2.7273884e-07
1.3988267e-06
3.0838337e-06
0.0001749139
2.3732318e-06
4.7552967e-06
1.1629131e-06
1.4871557e-06
1.6590328e-06
8.3071774e-07
1.1352897e-06
7.6298585e-07
3.5313365e-06
4.0342957e-07
2.9159318e-07
6.0971786e-07
5.5049753e-07
2.165789e-06
1.3007685e-06
3.8549743e-07
5.766601e-07
1.1317198e-05
1.0245323e-06
5.986123e-05
6.125974e-06
6.0595553e-06
1.1972111e-05
6.328736e-05
4.7619287e-05
9.574574e-06
2.7407725e-05
6.128081e-05
3.4091074e-06
5.8575883e-06
1.1101621e-06
9.063187e-07
4.1853355e-06
4.0342533e-07
4.2126882e-07
6.2188997e-07
1.2322196e-06
3.1704465e-07
4.534652e-07
2.4214823e-06
1.8539954e-07
1.4691565e-07
4.0683105e-07
2.7455468e-07
5.04172e-07
6.811865e-07
7.6445855e-07
3.1296408e-06
2.7125475e-06
3.1432298e-06
2.2133383e-06
0.000120294615
6.193567e-07
1.2365913e-05
4.983254e-07
1.3199291e-06
1.7456227e-06
1.2159467e-06
7.8536766e-07
0.00015100554
3.4195614e-07
1.9655514e-05
2.7144972e-07
7.318875e-07
5.687695e-07
5.828009e-07
3.1967028e-07
3.2654958e-07
6.10018e-07
2.3833734e-07
6.492542e-07
2.4398284e-07
5.201861e-07
5.2633422e-06
3.462785e-07
1.6522323e-06
3.292307e-07
6.2878325e-07
4.2037502e-07
4.9490825e-07
3.8353724e-06
1.1215603e-06
4.185463e-06
7.691292e-07
9.0027993e-07
6.4388573e-06
2.0319246e-07
4.429525e-06
3.0146616e-06
2.1300382e-05
1.4602732e-06
4.321517e-06
8.6030417e-07
0.0002968902
2.3025646e-07
0.0005543569
0.0025145828
0.00394068
0.00045517474
3.0710817e-06
1.0380319e-06
5.0882653e-07
2.9274468e-06
0.0015946002
0.0029495829
1.1378131e-06
2.0721088e-06
1.281781e-06
4.8845254e-07
1.9777355e-07
1.3135492e-07
0.0003397004
3.93888e-07
9.922933e-07
1.2517902e-06
0.0009982426
2.4620454e-05
2.1958208e-06
0.0034117457
3.9760944e-06
1.1193655e-06
2.1471722e-05
1.222023e-06
7.9390804e-07
0.0030745165
0.03109725
5.621017e-06
0.0018690027
0.003355837
0.009704227
0.0004966954
0.00044019925
3.3036078e-05
1.6424834e-05
3.628467e-06
1.4655077e-06
9.392107e-06
9.742511e-07
8.5812627e-07
1.2393319e-06
2.5332924e-05
2.8219952e-07
9.87637e-07
0.00016830918
1.2595667e-06
4.218606e-05
3.3958943e-06
6.630466e-07
1.6326734e-06
1.4794401e-05
1.6880951e-05
7.353507e-05
7.3165524e-05
0.0001384601
1.4578945e-05
7.656705e-05
1.1631521e-05
3.2877666e-05
2.440088e-06
1.6243637e-05
8.9549285e-06
5.4275944e-07
1.6570247e-06
2.3581017e-05
1.4788589e-05
3.4378086e-06
1.003678e-06
5.408894e-07
2.7584122e-07
5.179254e-07
6.0058335e-07
8.578766e-07
1.4483588e-07
2.7934905e-06
4.689191e-06
3.2967938e-07
1.4246441e-05
0.00015505613
5.3439853e-06
5.646287e-07
1.0709131e-06
2.7571603e-05
3.7357782e-05
2.82676e-07
7.882423e-07
1.3384358e-06
3.0818228e-06
2.8482339e-06
3.882552e-06
1.1865305e-06
1.0334467e-06
1.2883548e-06
0.00010109082
2.9171574e-06
1.85043e-06
5.983644e-06
6.65761e-07
7.9586613e-07
0.00027171808
2.4950663e-07
1.6049736e-07
1.3968504e-07
3.6362357e-07
1.1438514e-06
2.1804744e-06
3.180069e-06
3.2559555e-07
1.1947833e-06
3.4027703e-06
3.3287638e-06
0.0014738909
3.885415e-06
0.0006182933
2.3776165e-05
1.100909e-05
3.0455092e-06
0.0005842801
0.0010553946
0.002489867
0.00031494218
1.2599086e-05
6.4029678e-06
1.6639542e-06
4.0025056e-06
1.3143826e-05
3.6987412e-06
4.1260473e-06
3.7505154e-06
1.7340555e-05
3.5953602e-05
7.5047166e-05
2.732437e-05
1.0008067e-06
1.0024946e-06
0.00042703372
3.2803675e-06
8.639045e-07
4.9630758e-06
8.8730385e-06
9.655237e-06
1.29665605e-05
0.0022305066
0.0010592804
2.5056117e-06
0.0014055572
0.0015723767
4.0204054e-06
6.7236755e-07
0.0018623314
0.00044644388
9.536541e-07
0.0007375586
0.0005759639
0.0025763353
4.023029e-06
0.00062198547
4.618348e-05
3.1755248e-05
9.473876e-05
5.5027394e-05
2.207616e-05
8.080304e-06
6.411318e-05
4.6068467e-06
2.2684337e-06
0.0002353524
6.8065697e-06
0.001313347
4.9019804e-06
1.8522389e-05
6.388561e-06
3.6388944e-06
5.530062e-06
0.0011415988
0.0029151484
5.813845e-06
0.0017100842
0.006644077
1.7909884e-05
2.8554414e-06
0.00069701794
0.00084494235
5.735966e-06
0.00025327006
0.00016291505
0.0005358364
4.832669e-06
8.9365174e-05
0.00013392116
0.00044984542
0.000276863
0.0012088217
9.056461e-06
4.53686e-06
0.0013342665
0.00096884015
0.0022648682
0.0018389976
0.000558955
0.0029229792
0.00037722304
1.0540693e-05
0.00068039325
2.7970093e-06
3.330126e-06
0.00033162563
1.1773962e-05
5.325974e-06
7.023196e-06
0.0009886948
0.00068825134
9.230729e-07
1.1414958e-05
1.0700004e-06
8.025818e-07
1.2383685e-05
0.0005423117
1.8224803e-06
0.0003649775
6.3056464e-06
1.8974415e-06
3.4595319e-06
7.719558e-06
5.5648972e-05
1.5236253e-06
3.4079146e-06
4.9584346e-06
2.5096583e-06
1.868232e-05
0.00048004492
0.00019699182
7.708599e-07
2.3350683e-06
0.0003915387
0.0001392992
1.4967229e-06
0.0004976152
0.00024609163
1.3360115e-06
2.2784675e-06
0.0008328611
0.00022803416
1.7882089e-06
3.3331446e-06
0.0016800609
6.47229e-07
9.061234e-07
0.0048062927
0.00018912468
1.126775e-06
5.6607123e-06
0.00031153523
0.012398399
0.0039251875
0.002332409
0.0032948845
0.0017528938
6.4428746e-06
0.0050651757
4.424762e-06
9.755764e-06
3.4133366e-06
0.005462454
7.387641e-07
3.4326258e-06
0.0024529384
6.0344346e-06
3.7283196e-06
1.9271747e-06
8.6560554e-05
4.5542783e-06
1.0840188e-05
0.00013627748
3.3805168e-06
5.1062443e-06
2.9731784e-06
3.1424643e-05
9.845063e-07
5.2765404e-06
7.694953e-07
3.2226726e-05
9.776594e-07
1.2050317e-06
2.9396165e-06
2.3129892e-06
7.909385e-06
6.8931604e-07
2.9737643e-07
4.4017128e-07
1.1193143e-06
7.683747e-07
7.075678e-07
2.83975e-06
2.9232496e-07
8.6257495e-07
2.1380436e-06
2.0106947e-06
5.7311564e-07
3.5103606e-06
6.9206376e-06
3.822896e-07
5.7093905e-07
2.1428352e-07
2.8417398e-07
1.2411181e-06
5.9152205e-07
1.0307133e-06
1.0629795e-06
2.2035394e-07
4.1429644e-07
1.141269e-06
1.2177767e-06
4.6886494e-06
6.121536e-06
6.493403e-07
1.918212e-06
4.8526275e-05
1.814835e-06
1.303807e-05
8.8798237e-07
1.9255726e-06
9.333758e-07
2.3313123e-06
2.6831297e-06
1.542261e-05
5.060379e-06
1.8686436e-05
9.922157e-07
1.6065121e-06
1.6723652e-06
1.5517749e-06
1.219787e-05
5.0158687e-06
2.7858164e-07
2.9624388e-07
6.8439937e-07
2.826396e-07
2.0015743e-06
1.5059636e-06
8.04116e-06
0.00037984134
1.5896372e-05
0.00015121845
1.5913718e-06
3.0169222e-06
1.1987298e-06
1.5278202e-06
8.680834e-07
2.5216007e-06
2.414068e-07
3.8612475e-07
5.212677e-07
7.2824932e-06
6.6395336e-07
3.6747323e-07
1.038525e-06
5.594242e-07
1.1915893e-06
9.888423e-07
2.6482599e-07
0.0005487176
1.6106142e-06
8.920629e-08
1.4176311e-06
3.5288903e-07
3.1792638e-07
3.8149057e-07
4.3590654e-07
4.906218e-06
2.651955e-07
1.3297607e-07
1.8177294e-06
1.7697529e-07
4.1551397e-07
6.655769e-07
5.5873755e-07
0.00020210589
1.2476223e-06
2.9627754e-05
1.4860699e-06
5.062064e-06
2.1586535e-05
5.567867e-06
3.3612737e-06
0.00063294213
0.0033786078
1.08672975e-05
1.2149793e-05
6.0538627e-05
1.2246125e-05
6.2222894e-06
0.0040323073
5.8995e-06
0.0014429181
0.00058188394
1.07808455e-05
0.0236896
8.216595e-06
8.750467e-06
6.5319175e-05
8.131921e-05
2.3722703e-06
3.606428e-05
2.8080958e-06
1.8158365e-05
3.7703742e-07
5.7031293e-06
0.00012553415
5.8493038e-06
1.542189e-05
2.5267826e-05
8.287079e-05
3.025905e-05
0.00069477945
2.1934661e-06
0.013975329
0.00015302403
0.0021724235
1.1709776e-05
5.743411e-06
2.0234356e-05
4.018669e-06
0.0059188185
0.0018234086
8.855642e-06
0.00084391766
0.0025762713
9.468479e-06
2.0580999e-06
0.00046720347
0.0037237718
1.0948891e-06
0.00034799404
0.0011387174
1.3191878e-06
2.1338963e-06
0.005933291
0.0004598185
1.5366397e-05
7.7188173e-07
2.5197448e-06
4.47294e-07
9.4344205e-07
3.1082786e-06
6.992183e-07
2.1505451e-07
1.3264656e-06
9.511899e-07
7.3025745e-07
1.9087265e-06
9.43529e-06
1.5053317e-06
2.8672446e-05
2.2152757e-05
0.0001640036
3.4803368e-06
0.0007395649
0.0007842481
0.0003496087
0.00037143868
0.00028127152
0.0018210645
0.00018526771
0.00022174478
0.00018217393
0.00026589676
0.00010890761
0.00019738165
0.00060953095
0.00033907784
7.986391e-05
0.00080890395
0.0003989444
3.6794124e-06
0.0007364716
0.0010965151
0.00015146114
0.00040843314
0.00035079164
1.0093688e-05
4.1330654e-06
2.2761221e-06
3.216846e-06
7.937669e-06
2.2382008e-06
7.1062136e-06
1.1974753e-06
2.540278e-06
9.617636e-07
7.082304e-06
1.035277e-05
2.0833793e-06
3.2418036e-06
1.5060297e-06
8.359964e-07
3.4158932e-06
5.167682e-06
2.6518298e-06
1.1287088e-06
1.4262693e-06
3.0894532e-06
1.6469165e-06
2.2870365e-06
1.4158907e-06
4.659862e-06
1.6253111e-06
1.4144475e-05
5.886473e-06
1.5793205e-06
1.0242569e-06
6.16625e-07
4.8545185e-06
1.0582838e-05
2.2616143e-06
1.0373554e-05
2.7619935e-06
1.8200686e-07
